PRCP       002020 19100801 20101130 MOOLA BULLA                                 
19100801 19100831    50.8
19100901 19100930     5.8
19101001 19101031    39.4
19101101 19101130    35.0
19101201 19101231   135.9
19110101 19110131    37.4
19110201 19110228    59.5
19110301 19110331     0.0
19110401 19110430    23.9
19110501 19110531     0.0
19110601 19110630     0.0
19110701 19110731     0.0
19110801 19110831     0.0
19110901 19110930    11.5
19111001 19111031    27.4
19111101 19111130    50.8
19111201 19111231   210.2
19120101 19120131    24.0
19120201 19120229   122.5
19120301 19120331    86.6
19120401 19120430     0.0
19120501 19120531     0.0
19120601 19120630     0.0
19120701 19120731     0.0
19120801 19120831     0.0
19120901 19120930     0.0
19121001 19121031     5.3
19121101 19121130    33.9
19121201 19121231    38.8
19130101 19130131    92.1
19130201 19130228   123.2
19130301 19130331    79.2
19130401 19130430     0.0
19130501 19130531    19.1
19130601 19130630     0.0
19130701 19130731     0.0
19130801 19130831     0.0
19130901 19130930     0.0
19131001 19131031     1.8
19131101 19131130     2.1
19131201 19131231    19.3
19140101 19140131   387.2
19140201 19140228    54.7
19140301 19140331    23.2
19140401 19140430    18.1
19140501 19140531    40.6
19140601 19140630     0.0
19140701 19140731     0.0
19140801 19140831     0.0
19140901 19140930     0.0
19141001 19141031    20.6
19141101 19141130   191.2
19141201 19141231   259.2
19150101 19150131   149.7
19150201 19150228    99.4
19150301 19150331    66.7
19150401 19150430     0.0
19150501 19150531    21.8
19150601 19150630    15.2
19150701 19150731     0.0
19150801 19150831     0.0
19150901 19150930    15.7
19151001 19151031     6.9
19151101 19151130     3.3
19151201 19151231    33.8
19160101 19160131   112.1
19160201 19160229    58.8
19160301 19160331    56.4
19160401 19160430     0.0
19160501 19160531     0.0
19160601 19160630     0.0
19160701 19160731     0.0
19160801 19160831     0.0
19160901 19160930     0.0
19161001 19161031    62.4
19161101 19161130    94.5
19161201 19161231    39.6
19170101 19170131   337.6
19170201 19170228   142.4
19170301 19170331    58.7
19170401 19170430     4.3
19170501 19170531     2.1
19170601 19170630     5.9
19170701 19170731     0.0
19170801 19170831     6.9
19170901 19170930    23.9
19171001 19171031    49.3
19171101 19171130   116.6
19171201 19171231    73.2
19180101 19180131   136.5
19180201 19180228   213.1
19180301 19180331    21.1
19180401 19180430     0.0
19180501 19180531     0.0
19180601 19180630     0.0
19180701 19180731     0.8
19180801 19180831     6.3
19180901 19180930     0.0
19181001 19181031     0.0
19181101 19181130    25.1
19181201 19181231   101.7
19190101 19190131    83.4
19190201 19190228   136.5
19190301 19190331    10.9
19190401 19190430     5.8
19190501 19190531     6.1
19190601 19190630     0.0
19190701 19190731     0.0
19190801 19190831     1.3
19190901 19190930     0.0
19191001 19191031     0.5
19191101 19191130    37.9
19191201 19191231   125.4
19200101 19200131    93.2
19200201 19200229    78.0
19200301 19200331    38.3
19200401 19200430     7.4
19200501 19200531     0.0
19200601 19200630     0.0
19200701 19200731    22.3
19200801 19200831     2.0
19200901 19200930    53.1
19201001 19201031     6.7
19201101 19201130    93.8
19201201 19201231    30.2
19210101 19210131     3.8
19210201 19210228   392.1
19210301 19210331   171.4
19210401 19210430     0.0
19210501 19210531     5.8
19210601 19210630     0.0
19210701 19210731     0.0
19210801 19210831     2.0
19210901 19210930     0.0
19211001 19211031     0.0
19211101 19211130    47.2
19211201 19211231    47.7
19220101 19220131    67.9
19220201 19220228   227.8
19220301 19220331   354.8
19220401 19220430     7.1
19220501 19220531    22.3
19220601 19220630     0.0
19220701 19220731     0.0
19220801 19220831     0.0
19220901 19220930     5.8
19221001 19221031    19.1
19221101 19221130    25.6
19221201 19221231   136.4
19230101 19230131   177.9
19230201 19230228    51.8
19230301 19230331    72.7
19230401 19230430    50.8
19230501 19230531    67.7
19230601 19230630    30.7
19230701 19230731     4.6
19230801 19230831     0.0
19230901 19230930     0.0
19231001 19231031     8.1
19231101 19231130    35.3
19231201 19231231    96.7
19240101 19240131   250.5
19240201 19240229    23.9
19240301 19240331     3.8
19240401 19240430     0.0
19240501 19240531     0.0
19240601 19240630     0.0
19240701 19240731     0.0
19240801 19240831     0.0
19240901 19240930     0.0
19241001 19241031     6.6
19241101 19241130     1.3
19241201 19241231     9.4
19250101 19250131   122.0
19250201 19250228   133.6
19250301 19250331    50.9
19250401 19250430     0.0
19250501 19250531     0.0
19250601 19250630     0.0
19250701 19250731    15.2
19250801 19250831     0.0
19250901 19250930     0.0
19251001 19251031     0.0
19251101 19251130    87.9
19251201 19251231    84.1
19260101 19260131   552.1
19260201 19260228   105.3
19260301 19260331    88.3
19260401 19260430    25.2
19260501 19260531    32.3
19260601 19260630     0.0
19260701 19260731     0.0
19260801 19260831     0.0
19260901 19260930     0.0
19261001 19261031     0.0
19261101 19261130     0.8
19261201 19261231   110.3
19270101 19270131   161.8
19270201 19270228    32.5
19270301 19270331   110.5
19270401 19270430     0.0
19270501 19270531    18.5
19270601 19270630     0.0
19270701 19270731     0.0
19270801 19270831     0.0
19270901 19270930     0.0
19271001 19271031     0.0
19271101 19271130    68.6
19271201 19271231    19.8
19280101 19280131    82.2
19280201 19280229    47.7
19280301 19280331     0.0
19280401 19280430    10.2
19280501 19280531     0.0
19280601 19280630    19.3
19280701 19280731     0.0
19280801 19280831     0.0
19280901 19280930     0.0
19281001 19281031     7.9
19281101 19281130    16.0
19281201 19281231   152.6
19290101 19290131    27.7
19290201 19290228    59.3
19290301 19290331   114.1
19290401 19290430    14.2
19290501 19290531     0.0
19290601 19290630     0.0
19290701 19290731     0.0
19290801 19290831     0.0
19290901 19290930     0.0
19291001 19291031     0.0
19291101 19291130     9.2
19291201 19291231    15.5
19300101 19300131   230.3
19300201 19300228    97.3
19300301 19300331    11.2
19300401 19300430     0.0
19300501 19300531     0.0
19300601 19300630     0.0
19300701 19300731     0.0
19300801 19300831     0.0
19300901 19300930     0.0
19301001 19301031    20.8
19301101 19301130    58.2
19301201 19301231   265.7
19310101 19310131   107.2
19310201 19310228    15.6
19310301 19310331    47.0
19310401 19310430     3.5
19310501 19310531     0.0
19310601 19310630     0.0
19310701 19310731     0.0
19310801 19310831     0.0
19310901 19310930     0.0
19311001 19311031     3.8
19311101 19311130     6.1
19311201 19311231    14.2
19320101 19320131   160.0
19320201 19320229    65.3
19320301 19320331    19.6
19320401 19320430    19.1
19320501 19320531    24.9
19320601 19320630    23.9
19320701 19320731     0.0
19320801 19320831     0.0
19320901 19320930     0.0
19321001 19321031     5.6
19321101 19321130    12.3
19321201 19321231   135.4
19330101 19330131    32.8
19330201 19330228    40.1
19330301 19330331    73.4
19330401 19330430     6.1
19330501 19330531     1.0
19330601 19330630     0.8
19330701 19330731     0.0
19330801 19330831    30.5
19330901 19330930     7.1
19331001 19331031     2.3
19331101 19331130     0.0
19331201 19331231   136.0
19340101 19340131    92.9
19340201 19340228   167.7
19340301 19340331    60.2
19340401 19340430    36.0
19340501 19340531     8.9
19340601 19340630     0.0
19340701 19340731    62.9
19340801 19340831     0.0
19340901 19340930     0.0
19341001 19341031     0.0
19341101 19341130    75.7
19341201 19341231     2.5
19350101 19350131   121.1
19350201 19350228    96.2
19350301 19350331   178.0
19350401 19350430     0.0
19350501 19350531     0.0
19350601 19350630     0.0
19350701 19350731     0.0
19350801 19350831     0.0
19350901 19350930     2.0
19351001 19351031    23.1
19351101 19351130     7.2
19351201 19351231    14.0
19360101 19360131    42.6
19360201 19360229   144.1
19360301 19360331     5.1
19360401 19360430     3.8
19360501 19360531     8.9
19360601 19360630     0.0
19360701 19360731     0.0
19360801 19360831     0.0
19360901 19360930     0.0
19361001 19361031     0.0
19361101 19361130    40.4
19361201 19361231    85.4
19370101 19370131   375.1
19370201 19370228    45.4
19370301 19370331    25.1
19370401 19370430     4.1
19370501 19370531     0.0
19370601 19370630     0.0
19370701 19370731     0.0
19370801 19370831     0.0
19370901 19370930     0.0
19371001 19371031    12.7
19371101 19371130    44.7
19371201 19371231    70.5
19380101 19380131    58.4
19380201 19380228   123.6
19380301 19380331     0.0
19380401 19380430     0.0
19380501 19380531     0.0
19380601 19380630    13.4
19380701 19380731    27.2
19380801 19380831     0.0
19380901 19380930     0.0
19381001 19381031     0.0
19381101 19381130    75.6
19381201 19381231    38.9
19390101 19390131    18.0
19390201 19390228    88.7
19390301 19390331    34.8
19390401 19390430    30.0
19390501 19390531     0.0
19390601 19390630    35.0
19390701 19390731    43.2
19390801 19390831     3.3
19390901 19390930     0.0
19391001 19391031     0.0
19391101 19391130    54.7
19391201 19391231    80.5
19400101 19400131   135.7
19400201 19400229    88.3
19400301 19400331     7.9
19400401 19400430    22.3
19400501 19400531     0.0
19400601 19400630     0.0
19400701 19400731     0.0
19400801 19400831     0.0
19400901 19400930     1.0
19401001 19401031     3.5
19401101 19401130     4.0
19401201 19401231   110.8
19410101 19410131    85.1
19410201 19410228     0.0
19410301 19410331   210.3
19410401 19410430     0.0
19410501 19410531    22.1
19410601 19410630    81.6
19410701 19410731     0.0
19410801 19410831     0.0
19410901 19410930     0.0
19411001 19411031    13.5
19411101 19411130    43.3
19411201 19411231    67.0
19420101 19420131   303.6
19420201 19420228   190.2
19420301 19420331    77.0
19420401 19420430    18.5
19420501 19420531     9.9
19420601 19420630     0.8
19420701 19420731     0.0
19420801 19420831     3.6
19420901 19420930     0.0
19421001 19421031     4.6
19421101 19421130    71.8
19421201 19421231    21.3
19430101 19430131    85.1
19430201 19430228    39.4
19430301 19430331   119.9
19430401 19430430     4.1
19430501 19430531     0.0
19430601 19430630     0.0
19430701 19430731    10.2
19430801 19430831     0.0
19430901 19430930     0.0
19431001 19431031     5.9
19431101 19431130    11.4
19431201 19431231   126.1
19440101 19440131   288.8
19440201 19440229     3.3
19440301 19440331    45.2
19440401 19440430     0.0
19440501 19440531     0.0
19440601 19440630     0.0
19440701 19440731     0.0
19440801 19440831     0.0
19440901 19440930     0.0
19441001 19441031    36.8
19441101 19441130     3.6
19441201 19441231   121.7
19450101 19450131   127.8
19450201 19450228    92.3
19450301 19450331     0.0
19450401 19450430     0.0
19450501 19450531     0.0
19450601 19450630     0.0
19450701 19450731     0.0
19450801 19450831     0.0
19450901 19450930     0.0
19451001 19451031     4.8
19451101 19451130     3.9
19451201 19451231    61.4
19460101 19460131   101.2
19460201 19460228    90.4
19460301 19460331    19.1
19460401 19460430     0.0
19460501 19460531     0.0
19460601 19460630     0.0
19460701 19460731     0.0
19460801 19460831     0.0
19460901 19460930     0.0
19461001 19461031     0.0
19461101 19461130     5.1
19461201 19461231    28.0
19470101 19470131    47.3
19470201 19470228   185.0
19470301 19470331   111.3
19470401 19470430     0.0
19470501 19470531     0.0
19470601 19470630     0.0
19470701 19470731     0.0
19470801 19470831    57.1
19470901 19470930    18.1
19471001 19471031    58.7
19471101 19471130     6.7
19471201 19471231    15.3
19480101 19480131    14.5
19480201 19480229   181.4
19480301 19480331    51.3
19480401 19480430    31.0
19480501 19480531     0.0
19480601 19480630     0.0
19480701 19480731     6.4
19480801 19480831     0.0
19480901 19480930     0.0
19481001 19481031     0.0
19481101 19481130     5.4
19481201 19481231    35.3
19490101 19490131    45.7
19490201 19490228   298.2
19490301 19490331    41.4
19490401 19490430     0.0
19490501 19490531    36.8
19490601 19490630     0.0
19490701 19490731     0.0
19490801 19490831     0.0
19490901 19490930     0.0
19491001 19491031     6.3
19491101 19491130     3.6
19491201 19491231   117.3
19500101 19500131    74.4
19500201 19500228    80.6
19500301 19500331     0.0
19500401 19500430     0.0
19500501 19500531     3.0
19500601 19500630     0.0
19500701 19500731     0.0
19500801 19500831     0.0
19500901 19500930     9.7
19501001 19501031    67.1
19501101 19501130    78.3
19501201 19501231   160.1
19510101 19510131   105.4
19510201 19510228   130.6
19510301 19510331     0.0
19510401 19510430    51.8
19510501 19510531     0.0
19510601 19510630     4.6
19510701 19510731     0.0
19510801 19510831     0.0
19510901 19510930     0.0
19511001 19511031     6.6
19511101 19511130    33.6
19511201 19511231     8.6
19520101 19520131    72.2
19520201 19520229    45.5
19520301 19520331    16.5
19520401 19520430     0.3
19520501 19520531     3.3
19520601 19520630     0.0
19520701 19520731     0.0
19520801 19520831     0.3
19520901 19520930     1.8
19521001 19521031    34.3
19521101 19521130    15.5
19521201 19521231    23.3
19530101 19530131   165.3
19530201 19530228    76.3
19530301 19530331    89.2
19530401 19530430     4.8
19530501 19530531     0.0
19530601 19530630     0.0
19530701 19530731     0.0
19530801 19530831     0.0
19530901 19530930     0.0
19531001 19531031     0.0
19531101 19531130    30.9
19531201 19531231   247.2
19540101 19540131    96.2
19540201 19540228    17.5
19540301 19540331     0.0
19540401 19540430   126.8
19540501 19540531     0.0
19540601 19540630     0.0
19540701 19540731     1.0
19540801 19540831     0.0
19540901 19540930     0.0
19541001 19541031    36.0
19541101 19541130    22.0
19541201 19541231    20.3
19550101 19550131   138.0
19550201 19550228    54.8
19550301 19550331    87.3
19550401 19550430    14.0
19550501 19550531    38.0
19550601 19550630     2.8
19550701 19550731    64.4
19550801 19550831     4.1
19550901 19550930     0.0
19551001 19551031     4.3
19551101 19551130    50.0
19551201 19551231     9.7
19560101 19560131    44.0
19560201 19560229   292.4
19560301 19560331    18.3
19560401 19560430    13.1
19560501 19560531    14.0
19560601 19560630     0.6
19560701 19560731    69.4
19560801 19560831     0.0
19560901 19560930     0.0
19561001 19561031     0.3
19561101 19561130    22.9
19561201 19561231    17.4
19570101 19570131    29.0
19570201 19570228    87.1
19570301 19570331    35.0
19570401 19570430    12.6
19570501 19570531     2.8
19570601 19570630    87.8
19570701 19570731     6.6
19570801 19570831     0.0
19570901 19570930     0.0
19571001 19571031     2.3
19571101 19571130    18.1
19571201 19571231    77.5
19580101 19580131   137.1
19580201 19580228    37.6
19580301 19580331    47.0
19580401 19580430     2.8
19580501 19580531     0.3
19580601 19580630     4.0
19580701 19580731     2.3
19580801 19580831     0.0
19580901 19580930     0.0
19581001 19581031     1.0
19581101 19581130    38.1
19581201 19581231    84.0
19590101 19590131   503.7
19590201 19590228    15.1
19590301 19590331    24.0
19590401 19590430    84.3
19590501 19590531    80.7
19590601 19590630     0.0
19590701 19590731     0.0
19590801 19590831     0.0
19590901 19590930     5.9
19591001 19591031     0.3
19591101 19591130    32.6
19591201 19591231    47.3
19600101 19600131   134.0
19600201 19600229    81.9
19600301 19600331    82.5
19600401 19600430    12.7
19600501 19600531    88.0
19600601 19600630     0.0
19600701 19600731     0.0
19600801 19600831     0.0
19600901 19600930     0.0
19601001 19601031    12.2
19601101 19601130    32.0
19601201 19601231   148.5
19610101 19610131    22.8
19610201 19610228   100.3
19610301 19610331    39.1
19610401 19610430    11.4
19610501 19610531     0.0
19610601 19610630     0.0
19610701 19610731     0.0
19610801 19610831     0.0
19610901 19610930     0.0
19611001 19611031     0.0
19611101 19611130    30.9
19611201 19611231    22.8
19620101 19620131   213.0
19620201 19620228   153.2
19620301 19620331     0.0
19620401 19620430     0.0
19620501 19620531    20.3
19620601 19620630     0.0
19620701 19620731     0.0
19620801 19620831     0.0
19620901 19620930     0.0
19621001 19621031    61.5
19621101 19621130     7.1
19621201 19621231     2.5
19630101 19630131   201.2
19630201 19630228     7.4
19630301 19630331     0.0
19630401 19630430     0.0
19630501 19630531     0.0
19630601 19630630     0.0
19630701 19630731     0.0
19630801 19630831     0.0
19630901 19630930     0.0
19631001 19631031     0.5
19631101 19631130     5.1
19631201 19631231    86.2
19640101 19640131    62.0
19640201 19640229    17.4
19640301 19640331     3.8
19640401 19640430    46.8
19640501 19640531    30.2
19640601 19640630     0.3
19640701 19640731     0.0
19640801 19640831     0.0
19640901 19640930     3.3
19641001 19641031     0.0
19641101 19641130     5.3
19641201 19641231    63.3
19650101 19650131   134.8
19650201 19650228    11.8
19650301 19650331    99.7
19650401 19650430     0.0
19650501 19650531     0.0
19650601 19650630     0.0
19650701 19650731     0.0
19650801 19650831     0.0
19650901 19650930     0.0
19651001 19651031    16.8
19651101 19651130    47.0
19651201 19651231    24.1
19660101 19660131   336.2
19660201 19660228    44.3
19660301 19660331    52.8
19660401 19660430     5.1
19660501 19660531     8.9
19660601 19660630     6.1
19660701 19660731     0.0
19660801 19660831     0.0
19660901 19660930     0.0
19661001 19661031    19.1
19661101 19661130    23.9
19661201 19661231    54.5
19670101 19670131   212.5
19670201 19670228   198.3
19670301 19670331    82.3
19670401 19670430     0.0
19670501 19670531     0.0
19670601 19670630     0.0
19670701 19670731     0.0
19670801 19670831     0.0
19670901 19670930     0.0
19671001 19671031     0.0
19671101 19671130     8.4
19671201 19671231   111.0
19680101 19680131   176.1
19680201 19680229   144.0
19680301 19680331    86.3
19680401 19680430    38.9
19680501 19680531    47.4
19680601 19680630     0.0
19680701 19680731    20.1
19680801 19680831     0.0
19680901 19680930     8.6
19681001 19681031    12.9
19681101 19681130    45.5
19681201 19681231    14.5
19690101 19690131   193.5
19690201 19690228   417.9
19690301 19690331    64.1
19690401 19690430     0.0
19690501 19690531     0.0
19690601 19690630     0.8
19690701 19690731     0.5
19690801 19690831     0.0
19690901 19690930     0.0
19691001 19691031     8.1
19691101 19691130    14.7
19691201 19691231   109.8
19700101 19700131    38.4
19700201 19700228    59.5
19700301 19700331    24.4
19700401 19700430    35.5
19700501 19700531    10.2
19700601 19700630     0.0
19700701 19700731     0.0
19700801 19700831     0.0
19700901 19700930     0.0
19701001 19701031     0.0
19701101 19701130     7.6
19701201 19701231   155.6
19710101 19710131    68.0
19710201 19710228    63.1
19710301 19710331   248.3
19710401 19710430     0.0
19710501 19710531     0.0
19710601 19710630     2.0
19710701 19710731     0.0
19710801 19710831     0.0
19710901 19710930     0.0
19711001 19711031     8.6
19711101 19711130    49.7
19711201 19711231   204.4
19720101 19720131    15.7
19720201 19720229    38.7
19720301 19720331   122.6
19720401 19720430     1.5
19720501 19720531     0.0
19720601 19720630     0.0
19720701 19720731     0.0
19720801 19720831     0.0
19720901 19720930     0.0
19721001 19721031     0.0
19721101 19721130    17.1
19721201 19721231    33.3
19730101 19730131   117.3
19730201 19730228    24.4
19730301 19730331    39.3
19730401 19730430    22.4
19730501 19730531    52.1
19730601 19730630     4.6
19730701 19730731     0.0
19730801 19730831    46.2
19730901 19730930     9.1
19731001 19731031    16.0
19731101 19731130   132.5
19731201 19731231    57.3
19740101 19740131   247.6
19740201 19740228    68.2
19740301 19740331    81.6
19740401 19740430   205.4
19740501 19740531     9.8
19740601 19740630     0.0
19740701 19740731     0.0
19740801 19740831     0.0
19740901 19740930    86.8
19741001 19741031    40.6
19741101 19741130     4.6
19741201 19741231    53.6
19750101 19750131    48.0
19750201 19750228   240.2
19750301 19750331    81.0
19750401 19750430    94.6
19750501 19750531     0.0
19750601 19750630     5.0
19750701 19750731     4.6
19750801 19750831     0.0
19750901 19750930    31.0
19751001 19751031    83.6
19751101 19751130    29.4
19751201 19751231   121.7
19760101 19760131    85.6
19760201 19760229   210.2
19760301 19760331    73.8
19760401 19760430     0.0
19760501 19760531     0.0
19760601 19760630     0.0
19760701 19760731     0.0
19760801 19760831     0.0
19760901 19760930     5.8
19761001 19761031    17.8
19761101 19761130     0.0
19761201 19761231    73.8
19770101 19770131   317.5
19770201 19770228   144.1
19770301 19770331   114.2
19770401 19770430    15.1
19770501 19770531     2.6
19770601 19770630     0.0
19770701 19770731     0.0
19770801 19770831     0.0
19770901 19770930     0.0
19771001 19771031     0.6
19771101 19771130    41.2
19771201 19771231    43.2
19780101 19780131   287.4
19780201 19780228    97.0
19780301 19780331    32.4
19780401 19780430     3.0
19780501 19780531    83.6
19780601 19780630    53.4
19780701 19780731    88.4
19780801 19780831     7.4
19780901 19780930     1.2
19781001 19781031     1.0
19781101 19781130     4.6
19781201 19781231    80.8
19790101 19790131   119.4
19790201 19790228   138.2
19790301 19790331    33.4
19790401 19790430     0.0
19790501 19790531   190.0
19790601 19790630     0.0
19790701 19790731     0.0
19790801 19790831     0.0
19790901 19790930     1.0
19791001 19791031    59.9
19791101 19791130    35.9
19791201 19791231     7.3
19800101 19800131   114.4
19800201 19800229   400.0
19800301 19800331    32.4
19800401 19800430    14.4
19800501 19800531     1.2
19800601 19800630     0.0
19800701 19800731     0.0
19800801 19800831     0.0
19800901 19800930     0.0
19801001 19801031    15.4
19801101 19801130    42.0
19801201 19801231   107.2
19810101 19810131   206.5
19810201 19810228   194.5
19810301 19810331    11.1
19810401 19810430     0.0
19810501 19810531     3.8
19810601 19810630     0.0
19810701 19810731     0.0
19810801 19810831     0.4
19810901 19810930    21.0
19811001 19811031    14.0
19811101 19811130    74.8
19811201 19811231    60.8
19820101 19820131   102.4
19820201 19820228   437.7
19820301 19820331   313.0
19820401 19820430     0.0
19820501 19820531     0.0
19820601 19820630     0.0
19820701 19820731     0.0
19820801 19820831     0.0
19820901 19820930     0.0
19821001 19821031     5.0
19821101 19821130    19.2
19821201 19821231   145.4
19830101 19830131    30.8
19830201 19830228    35.4
19830301 19830331   361.4
19830401 19830430    52.5
19830501 19830531     0.0
19830601 19830630     0.0
19830701 19830731     0.0
19830801 19830831     0.0
19830901 19830930     0.0
19831001 19831031    31.2
19831101 19831130    28.8
19831201 19831231    40.2
19840101 19840131   260.7
19840201 19840229     3.2
19840301 19840331   234.9
19840401 19840430     0.0
19840501 19840531     0.0
19840601 19840630     0.0
19840701 19840731    13.2
19840801 19840831     0.0
19840901 19840930    10.8
19841001 19841031     1.2
19841101 19841130    33.6
19841201 19841231    25.9
19850101 19850131    33.4
19850201 19850228   102.4
19850301 19850331    76.6
19850401 19850430     1.8
19850501 19850531     0.0
19850601 19850630     4.6
19850701 19850731     0.0
19850801 19850831     0.0
19850901 19850930     0.0
19851001 19851031     5.1
19851101 19851130    42.0
19851201 19851231    39.8
19860101 19860131   480.3
19860201 19860228    73.3
19860301 19860331    34.3
19860401 19860430     5.4
19860501 19860531     0.2
19860601 19860630    43.2
19860701 19860731    18.8
19860801 19860831     0.0
19860901 19860930    24.6
19861001 19861031     4.5
19861101 19861130     0.0
19861201 19861231    23.2
19870101 19870131   218.0
19870201 19870228   223.6
19870301 19870331     7.4
19870401 19870430     8.0
19870501 19870531     0.0
19870601 19870630     0.0
19870701 19870731     0.0
19870801 19870831     0.0
19870901 19870930    14.0
19871001 19871031     3.0
19871101 19871130    18.8
19871201 19871231   204.6
19880101 19880131   143.1
19880201 19880229    59.6
19880301 19880331    63.1
19880401 19880430     0.0
19880501 19880531     1.0
19880601 19880630     0.0
19880701 19880731     0.0
19880801 19880831     0.0
19880901 19880930     0.0
19881001 19881031    17.9
19881101 19881130    88.4
19881201 19881231   127.6
19890101 19890131    27.0
19890201 19890228    40.0
19890301 19890331   139.0
19890401 19890430    21.0
19890501 19890531     3.4
19890601 19890630     0.0
19890701 19890731     0.0
19890801 19890831     0.0
19890901 19890930     2.8
19891001 19891031     0.0
19891101 19891130     7.5
19891201 19891231    24.8
19900101 19900131   125.0
19900201 19900228    93.8
19900301 19900331    39.4
19900401 19900430     7.6
19900501 19900531     5.7
19900601 19900630     0.0
19900701 19900731     0.0
19900801 19900831     0.0
19900901 19900930     0.0
19901001 19901031     0.0
19901101 19901130    45.7
19901201 19901231   212.6
19910101 19910131   315.9
19910201 19910228   288.1
19910301 19910331    11.0
19910401 19910430     5.0
19910501 19910531     0.0
19910601 19910630     8.0
19910701 19910731     8.0
19910801 19910831     0.0
19910901 19910930     0.0
19911001 19911031     0.0
19911101 19911130    29.5
19911201 19911231    44.5
19920101 19920131    78.5
19920201 19920229    58.0
19920301 19920331    45.0
19920401 19920430     5.0
19920501 19920531    37.5
19920601 19920630     0.0
19920701 19920731     0.0
19920801 19920831     0.0
19920901 19920930     0.0
19921001 19921031     0.0
19921101 19921130     0.0
19921201 19921231     0.0
19930101 19930131   395.0
19930201 19930228   487.0
19930301 19930331     0.0
19930401 19930430     0.0
19930501 19930531    11.0
19930601 19930630    50.0
19930701 19930731     0.0
19930801 19930831     0.0
19930901 19930930     0.0
19931001 19931031     0.0
19931101 19931130    51.0
19931201 19931231    75.0
19940101 19940131   108.0
19940201 19940228   243.0
19940301 19940331    21.0
19940401 19940430     0.0
19940501 19940531     1.0
19940601 19940630     0.0
19940701 19940731     0.0
19940801 19940831     0.0
19940901 19940930     0.0
19941001 19941031     0.0
19941101 19941130    44.0
19941201 19941231   192.0
19950101 19950131   170.5
19950201 19950228   215.5
19950301 19950331   110.0
19950401 19950430     7.5
19950501 19950531     8.5
19950601 19950630     0.0
19950701 19950731     7.0
19950801 19950831     0.0
19950901 19950930     0.0
19951001 19951031     1.0
19951101 19951130    15.0
19951201 19951231    89.5
19960101 19960131    94.5
19960201 19960229   112.0
19960301 19960331   277.0
19960401 19960430    44.5
19960501 19960531     3.0
19960601 19960630     0.0
19960701 19960731     0.0
19960801 19960831     0.0
19960901 19960930     0.0
19961001 19961031    11.7
19961101 19961130    23.0
19961201 19961231   166.0
19970101 19970131   304.9
19970201 19970228   263.7
19970301 19970331    20.5
19970401 19970430     0.0
19970501 19970531    80.9
19970601 19970630     0.0
19970701 19970731     0.0
19970801 19970831     0.0
19970901 19970930     9.4
19971001 19971031    36.6
19971101 19971130    23.4
19971201 19971231   118.9
19980101 19980131    88.0
19980201 19980228    63.1
19980301 19980331    30.0
19980401 19980430    14.0
19980501 19980531     0.0
19980601 19980630     1.3
19980701 19980731    27.1
19980801 19980831     0.0
19980901 19980930    24.8
19981001 19981031    49.6
19981101 19981130   117.6
19981201 19981231   184.4
19990101 19990131   223.8
19990201 19990228   214.4
19990301 19990331    65.5
19990401 19990430    18.8
19990501 19990531     0.0
19990601 19990630     4.0
19990701 19990731     0.0
19990801 19990831     0.0
19990901 19990930     0.0
19991001 19991031    43.1
19991101 19991130   131.0
19991201 19991231   197.9
20000101 20000131   163.2
20000201 20000229   252.8
20000301 20000331   301.9
20000401 20000430   138.0
20000501 20000531     0.0
20000601 20000630     0.0
20000701 20000731     0.0
20000801 20000831     0.0
20000901 20000930     0.0
20001001 20001031   120.0
20001101 20001130     7.0
20001201 20001231   132.7
20010101 20010131    34.1
20010201 20010228   480.4
20010301 20010331   262.7
20010401 20010430     0.2
20010501 20010531     0.0
20010601 20010630     0.0
20010701 20010731    26.9
20010801 20010831     0.2
20010901 20010930     1.2
20011001 20011031    10.7
20011101 20011130    69.1
20011201 20011231    70.2
20020101 20020131    63.4
20020201 20020228   331.4
20020301 20020331     9.6
20020401 20020430     0.8
20020501 20020531     0.0
20020601 20020630     0.0
20020701 20020731     0.0
20020801 20020831     0.2
20020901 20020930     0.0
20021001 20021031     3.4
20021101 20021130    20.0
20021201 20021231   107.2
20030101 20030131    94.5
20030201 20030228   211.6
20030301 20030331    10.0
20030401 20030430     0.0
20030501 20030531     0.0
20030601 20030630     0.0
20030701 20030731     0.0
20030801 20030831     0.0
20030901 20030930     2.0
20031001 20031031     9.0
20031101 20031130    50.8
20031201 20031231   136.8
20040101 20040131   147.4
20040201 20040229   372.0
20040301 20040331    26.6
20040401 20040430    46.0
20040501 20040531    55.0
20040601 20040630     0.0
20040701 20040731 99999.9
20040801 20040831 99999.9
20040901 20040930     0.0
20041001 20041031     0.0
20041101 20041130    86.5
20041201 20041231    34.0
20050101 20050131    93.6
20050201 20050228    45.0
20050301 20050331    21.5
20050401 20050430     0.0
20050501 20050531     0.0
20050601 20050630     9.0
20050701 20050731     0.0
20050801 20050831     0.0
20050901 20050930     2.0
20051001 20051031     3.2
20051101 20051130    25.5
20051201 20051231   198.4
20060101 20060131   326.1
20060201 20060228    57.8
20060301 20060331    88.8
20060401 20060430    19.0
20060501 20060531     0.0
20060601 20060630     0.0
20060701 20060731     0.0
20060801 20060831     0.0
20060901 20060930     0.0
20061001 20061031     8.1
20061101 20061130    19.2
20061201 20061231   104.4
20070101 20070131   255.2
20070201 20070228     9.4
20070301 20070331   159.8
20070401 20070430     0.0
20070501 20070531    28.2
20070601 20070630    47.6
20070701 20070731     0.0
20070801 20070831     0.0
20070901 20070930 99999.9
20071001 20071031 99999.9
20071101 20071130 99999.9
20071201 20071231   152.4
20080101 20080131   120.6
20080201 20080229   328.4
20080301 20080331    12.0
20080401 20080430     0.0
20080501 20080531     0.0
20080601 20080630    40.0
20080701 20080731     0.0
20080801 20080831     6.0
20080901 20080930     7.6
20081001 20081031    10.0
20081101 20081130    93.2
20081201 20081231    65.6
20090101 20090131   254.0
20090201 20090228    97.6
20090301 20090331    49.5
20090401 20090430     0.0
20090501 20090531     0.0
20090601 20090630     0.0
20090701 20090731     0.0
20090801 20090831     0.0
20090901 20090930     0.0
20091001 20091031     3.0
20091101 20091130    19.0
20091201 20091231    32.4
20100101 20100131   286.2
20100201 20100228    95.8
20100301 20100331    56.0
20100401 20100430    14.2
20100501 20100531    71.3
20100601 20100630     0.0
20100701 20100731    61.0
20100801 20100831     0.0
20100901 20100930    66.0
20101001 20101031    91.2
20101101 20101130    12.6
